1 3.391348765658637 1724.258628684635 7.950742661929279 0 1.5 0.05 0.1
2 2 2 0.75 4.902716039482355 0.0001 0.5 0.5
3 1 1 0.15 0 1.5 0.05 0.8
4 5.733056991099376 440.693372271117 1.8724303337682058 6.612815263857513 0.3019528425709249 0.5454545454545454 0.1
5 11.408691858693675 5358.343228485049 0.612445520886491 8.101300739149982 0.0001 0.1428571428571429 0.5
6 906.2395700090718 4698.160328000751 0.0012989786492734253 7.468188933403661 0.0001 0.25 0.25
7 7 2 0.75 0 1.5 0.05 0.8
8 771.9222003934156 352.6485538924088 7.7241858957735126 0 1.5 0.05 0.5
9 2.653537585016167 488.811879360423 0.38334359993245976 0 1.5 0.05 0.5
10 10.18692255036809 703.4248694640332 0.7537390192169259 7.209589177373933 2.022899739035448 0.5652173913043479 0.1
11 1 1 0.15 0 1.5 0.05 0.9
12 22.354191995520402 8338.423493204109 0.9377787093024486 7.390982051615898 0.2750161220304103 0.5 0.1
13 1 1 0.15 0 1.5 0.05 0.9
14 42.324402318914274 9330.06302388066 0.8631557137743289 5.71089483789697 0.11225511976592507 0.6 0.1
15 4.516437164227069 606.405037953149 0.5029194533271001 7.291360289172854 0.370131712004331 0.4285714285714286 0.1
16 1 1 0.15 0 1.5 0.05 0.9
17 9.194038841840218 500.52873358368197 1.0458492210013244 0 1.5 0.05 0.5
18 2 2 0.75 0 1.5 0.05 0.9
19 179.4553442861964 3645.7818533919867 1.9045274503082779 7.428083186253614 0.0001 0.33333333333333337 0.1
20 8.061316400194055 500.4097456980077 0.6379373897479278 7.288692606694678 2.093484040822098 0.4 0.1
21 78.35850109562456 8483.331124509836 1.1285527390479015 6.4028905665096385 1.317173373901745 0.5714285714285714 0.1
22 1 1 0.15 0 1.5 0.05 0.9
23 2 2 0.75 0 1.5 0.05 0.9
24 2 2 0.75 5.678359651357063 1.1221899197993266 0.9 0.6
25 1 1 0.15 0 1.5 0.05 0.9
26 6.014001792381162 500.27769140698445 0.4165189093707475 6.2546990205570845 0.0001 0.25 0.8
27 1 1 0.15 0 1.5 0.05 0.9
28 294.86216603156805 1368.0991913061298 2.6290054961758345 6.120558459235919 0.5057874354665263 0.6 0.25
29 3.758805813129362 257.8027576779505 0.5759407035973467 7.081691338850646 1.2060192378567223 0.4444444444444444 0.1
30 11.7610080991476 500.2618910217422 0.7293763431256832 3.844240214263785 0.8866630986316274 0.6666666666666667 0.1
31 12.610287677740503 1888.6059990368003 0.6156196632077241 7.534205604398146 0.8406414331513657 0.5862068965517242 0.1
32 7 2 0.75 0 1.5 0.05 0.9
33 145.5415358671998 229.96979199062397 15.25920845754508 0 1.5 0.05 0.5
34 2 2 0.75 0 1.5 0.05 0.9
