0 1 2
3 4 1
5 6 1
7 2 2
8 2 2
6 9 1
10 11 1
12 1 2
13 2 2
14 1 2
15 16 1
17 1 2
18 1 2
19 20 2
21 1 2
22 1 2
9 1 2
4 1 2
20 2 2
23 1 2
24 2 2
11 1 2
25 4 1
26 2 2
27 28 2
29 6 1
30 19 20
31 28 2
1 2 2
28 2 2
32 16 1
16 1 2
33 1 2
34 1 2

35 24
21 0.00224725 -0.00117564 -0.00136453 0.0183944 -0.00608058 -0.00261242 -0.0181025 -0.0183458 0.0190169 -0.00882478 0.0129368 0.011506 0.00935845 -0.00544336 0.0115175 -0.00129238 -0.006192 -0.0134241 0.0170811 -0.0160697 0.000769491 -0.0162367 -0.0144127 0.00953088
34 -0.000767604 -0.0546551 0.00394028 -0.0401688 -0.0207283 -0.0255268 -0.0247418 0.0279749 -0.0214556 -0.0166771 0.00897284 -0.0451913 0.0115055 -0.0320998 0.0448364 0.037918 0.0190122 -0.02614 -0.0460815 0.0225197 -0.0308255 0.0181712 0.0495016 -0.0350918
0 -0.00902746 -0.054436 0.0252896 -0.0443511 -0.0228762 -0.0429853 0.00999963 0.0112173 0.0200096 -0.0330277 0.0311866 -0.0527811 -0.0135477 -0.0326051 0.0543114 0.0346395 0.0256724 0.00777911 -0.0538247 0.0100003 -0.0370418 0.012879 0.049313 -0.0340675
4 -0.0156896 -0.0112634 0.00632243 -0.012041 -0.00900348 0.00358515 0.0139893 -0.0119063 0.0132641 0.00447976 -0.00382527 0.0132628 0.0104683 0.00418998 -0.0144653 -0.00675967 -0.0159784 0.00748429 0.0127479 0.0138637 -0.0027918 -0.00833 0.00623011 0.019568
14 -0.00128456 -0.012642 -0.0113452 0.00492927 -0.0115573 0.00526127 0.0110891 0.0136099 -0.0129807 0.0115984 -0.00474801 -0.00810941 -0.0177691 0.0093161 -0.0170034 0.00555002 -0.00704408 -0.00643642 -0.0119723 -0.00656479 -0.0208441 -0.0038313 0.00115529 -0.0213305
29 0.00791738 -0.00368065 0.0129289 -0.00238137 0.0184471 0.0128464 0.00905966 0.01935 0.018352 0.00877217 0.0186274 -0.0135793 -0.005963 -0.0190478 -0.0100869 -0.00837104 -0.0175496 -0.00166605 -0.0146033 -0.0184438 -0.00548545 -0.000792025 0.00910567 0.0142454
32 -0.00736004 -0.0118525 -0.00225582 0.0130911 0.0125239 0.0123796 0.0151476 -0.0187159 0.0042327 -0.00512118 -0.0172243 -6.79022e-06 0.0183793 -0.0206688 -0.00368534 0.0128447 -0.0138434 0.0102346 0.00636466 0.00259931 -0.0218933 -0.0124695 0.0185219 0.0054383
13 0.00183891 -0.0207659 -0.0109211 -0.00398018 -0.0178391 0.00510328 0.00555414 0.00728708 0.00457216 0.0148249 0.00352337 0.0120958 0.00162215 0.0145424 -0.0086978 0.019838 -0.0150219 0.00699465 -0.00997255 0.0204001 -0.000437101 -0.0205645 -0.0202374 -0.0166612
8 -0.0131526 0.0171081 0.00772 0.0148294 0.0148846 -0.0188893 -0.00323786 -0.0150075 -0.00302247 -7.8986e-05 -0.00674809 0.0189713 0.00895962 0.0192195 0.0207651 -0.0151294 -0.0196055 -0.0162686 0.0119491 0.000830933 0.0180344 0.00596611 0.0124591 -0.00920344
33 -0.00863631 0.0136886 -0.00694396 0.00885998 0.0111917 0.0135503 0.0126286 -0.0182093 0.0076495 0.0184293 0.0112947 -0.00244206 -0.00587979 0.0170395 -0.0135895 0.00232427 -0.0170278 0.00077184 -0.0167405 -0.0158625 0.0154226 -0.0104712 0.00489925 0.0126206
2 0.0055839 -0.0183925 0.0178301 0.00576421 0.00252289 -0.00436463 0.000206077 -0.0056997 -0.0023061 -0.0148871 -0.0121697 -0.00253817 -0.0189103 0.0139147 0.0197728 -0.00126413 0.0125163 -0.01689 -0.0139592 0.0105037 -0.0178868 -0.0177541 -0.0013518 -0.0196265
20 -0.01666 -0.00984895 0.0139917 -0.0024362 -0.0106567 0.00361608 0.0146942 0.0126238 -0.0151484 -0.01059 0.0159765 -0.00155005 -0.0162483 -0.0193744 0.00127257 -0.0154153 -0.0146508 -0.00734611 0.00962727 -0.000814737 0.00977805 -0.0148255 0.00398312 0.0096689
27 -0.0200975 0.0052577 0.0114352 -0.00502534 -0.0158495 0.00825904 0.0184966 -0.00658926 -0.00080063 0.0191646 0.0045452 -0.0122573 0.0201884 -0.00976528 0.0018093 -0.0072888 -0.0110774 0.0149642 0.000689654 2.18154e-05 0.00949713 0.00573672 -0.0189137 0.0125639
12 -0.00049364 -0.0113109 0.0110184 0.00931423 0.00479659 0.00132368 0.000768949 0.000806711 0.00560685 -0.0143605 0.010386 0.0170359 0.0158798 0.00592791 -0.00998219 -0.00261829 -0.0176571 -0.0198995 0.00629093 -0.0173062 -0.00628784 0.0181327 0.0124178 0.00437209
9 -0.00777191 -0.00733368 -0.00826492 -0.0205262 -0.009187 0.00675107 -0.00875156 -0.0173124 0.0113361 0.00980041 -0.0123572 0.00651956 -0.00703044 -0.0117193 -0.00214231 -0.019917 -0.0104647 -0.00551617 -0.000102156 0.013942 -0.0161543 -0.000135162 0.0148616 0.00662942
24 0.00381239 -0.0184332 -0.0166785 0.0168904 0.0157984 -0.00240465 -0.0204628 0.0126401 0.017746 0.0185181 0.00105466 -0.00470966 0.0110976 0.00398733 0.0166671 0.0143532 0.00803801 -0.00130842 0.00623004 0.0159124 -0.0183779 -0.00665986 0.00706944 0.00656318
28 0.0128131 0.0152914 0.0184917 -0.00104291 -0.000547741 -0.012603 0.0150184 -0.0192549 -0.00295815 0.00932257 0.0203813 -0.0215466 -0.0106639 -0.0217707 -0.0113943 0.000809315 -0.000887548 0.012785 0.0107557 0.00245747 -0.0178268 -0.00839119 -0.00904882 0.00829868
30 0.00370341 -0.00333265 -0.00990705 0.00580473 0.0143757 -0.00595998 -0.000839422 -0.00290295 -0.00553658 3.30904e-05 0.0135189 -0.000318052 0.0058469 0.00546382 -0.00429966 0.014468 -0.0196404 -0.0175729 0.00778508 -0.0121322 -0.00953544 0.0176377 -0.00435756 0.012662
23 -0.0102546 -0.000689509 0.0202067 -0.0131006 0.00537015 0.0108929 0.0189672 0.0127613 0.020255 -0.00487841 0.0120076 -0.0147973 0.0125956 -4.76348e-05 0.00863026 -0.000673638 0.0120782 0.00481019 0.00156387 0.00593435 0.0137598 -0.0152737 -0.0139227 0.0203067
7 -0.0138339 0.00797125 0.00775209 -0.00759205 -0.00561296 -0.0151734 -0.000366128 0.017517 0.00666685 -0.0184982 0.00420593 0.0170142 0.0113289 0.00242043 -0.00843238 0.00710688 0.00983759 -0.0180879 0.0158808 0.00294301 0.0119736 -0.0158248 0.00152344 -0.0145543
17 0.0121493 -0.00892789 0.0150054 0.00537625 -0.0139285 0.00447722 -0.00681693 0.0199687 0.0205416 -0.0155911 -0.00115247 0.0148507 -0.000308347 -0.0176559 0.0212121 0.0130298 -0.00610392 -0.0207206 0.00780156 0.00922035 0.00593496 0.0115012 0.00726978 0.0179479
31 -0.000441801 0.0159539 -0.0128366 -0.014671 0.00702201 -0.0102218 -0.0163491 -0.0142221 -0.00497878 -0.00417645 -0.0172691 0.0102599 -0.020214 -0.00895448 -0.0125703 0.00172288 -0.0183942 0.0160399 -0.0186028 -0.0196605 -0.00790377 -0.0137218 -0.00628259 0.0148654
16 -0.00746989 -0.011829 0.00232205 -0.00729646 -0.0194757 0.0133 0.00850687 -0.0173209 -0.000534723 0.0172919 -0.00982297 -0.0155872 0.0203148 0.0109039 -0.0195759 -0.00767597 0.0159141 -0.0205303 0.0123685 -0.000577281 -0.0082366 0.0195863 -0.00693709 -0.0079391
10 -0.00364208 0.0201497 0.016417 0.0121063 0.014551 -0.0140846 -0.0128752 -0.00171838 0.0054273 -0.019089 -0.012081 0.0144623 -0.0105281 -0.00518771 -0.0112599 -0.0133268 0.012515 0.0185797 0.0159757 -0.000866285 -0.0169539 0.00185655 -0.00983271 -0.0145779
22 0.00138397 0.0127079 0.00520237 0.0190931 -0.0190138 0.00177168 -0.00649972 0.0152231 0.0018656 -0.00706313 -0.0058356 0.00890911 0.0145468 0.020513 -0.0142669 -0.00363628 0.00634162 -0.00673804 -0.0048067 -0.00654694 0.0158072 -0.0198866 0.0039776 0.0105321
3 -0.0139041 -0.0209381 -0.0168023 0.0167253 -0.00842588 0.0149228 -0.00427616 -0.0187985 0.000699888 0.0153225 -0.00029402 0.017426 0.0197633 -0.00417315 0.00327416 -0.0153559 -0.0074753 0.0173126 -0.010972 0.00225133 0.00258617 0.00599665 0.0195337 -0.00716848
18 0.0131805 -0.0111669 -0.0169461 -0.0039675 0.00971403 -0.0073648 -0.0102431 -0.0144265 -0.0107751 0.0155756 -0.00430221 0.00449522 -0.00143582 0.0121757 -0.00648692 0.0169027 -0.00211303 0.00409505 0.0164445 -0.00916502 0.0110958 0.015599 0.00948447 0.0159817
1 0.00659514 -0.0183048 0.0179149 0.00873078 -0.0189578 0.000307761 0.018554 0.0127405 0.0184194 -0.00755387 -0.0133512 -0.0123976 -0.0108296 0.00169993 -0.0108392 0.0154749 0.0175828 0.0203419 -0.0224276 0.0106586 0.0100223 0.0154524 0.00383401 -0.0201811
11 -0.00540989 -0.0190997 -0.0093378 -0.0258715 0.00526045 -0.0200674 0.0010121 0.00763696 -0.00524677 -0.0111403 -0.0143374 0.00687549 0.0203072 -0.0138652 -0.00676435 0.0223243 -0.00922521 0.00753537 0.0103746 0.00853053 -0.0181317 0.0223806 0.0113906 0.0147702
26 0.0114987 -0.0120248 5.57638e-05 -0.00457052 -0.00190019 0.0190996 0.00903307 0.00109615 0.00918846 -0.00749181 -0.0051833 -0.0104214 0.0115797 -0.00695832 -0.0146351 -0.0143755 0.00627638 0.0144587 0.0114978 0.00927026 0.00672685 0.00690154 0.00390562 0.0133389
6 0.00613186 0.00393094 -0.00917567 -0.0110283 0.0142763 0.0063399 -0.00773676 -0.0198207 -0.0106924 0.00859873 0.00793898 -0.0145813 -0.0140654 0.00253236 -0.00631816 -0.00246878 -0.0171619 0.00615112 -0.00454708 0.0183808 0.0164653 0.000639581 0.00608819 0.0154891
5 -0.0092421 0.00874113 -0.0114199 -0.010564 0.00526356 -0.00118567 -0.0118032 0.0206524 -0.0100432 -0.00467236 -0.00277722 0.0153392 -5.65172e-05 -0.00682765 0.0220457 -0.0165853 0.0167163 -0.0135426 0.0142688 -0.00495162 -0.00860327 -0.0160697 0.0171901 -0.0115512
25 -0.00801313 0.0126279 -0.0153389 -0.00716706 0.00802543 -0.0111592 0.0211233 -0.0127535 -0.00405376 -0.0121609 0.000967732 0.0130441 -0.0190058 -0.0107792 -0.0177795 0.000817202 0.00536999 -0.0140416 0.013041 -0.0135329 0.00831695 -0.00945826 0.00389539 -0.00659681
15 0.0169567 0.0132932 0.0100687 0.0180613 -0.00813614 -0.00105175 -0.0159596 -0.0161187 0.0189903 -0.0196528 -0.0107651 0.0164895 0.00121615 -0.00177778 0.0152141 0.00050352 0.00378651 -0.000525337 -0.00419621 0.0196126 -0.0208942 0.0033445 -0.0187625 -0.0202428
19 -0.012103 -0.0115202 0.0102498 -0.00886934 0.000469493 -0.0136956 0.00243952 0.00287974 -0.0199932 -0.0170042 0.00643383 0.0110569 -0.0205092 0.00509964 -0.00635198 0.00921279 -0.0150034 0.0204422 -0.0186878 0.0195046 0.010419 0.0142735 0.00308446 -0.00414579
